001POHNPEI       LAT=06 59.2N  LONG=158 14.6E
001POHNPEI 1975 11   753  744  749  761  725  743  779  754  759  781  788
001POHNPEI 1975 12   779  789  784  775  762  759  779  764  748  746 9999
001POHNPEI 1975 13  9999 9999 9999 9999 9999 9999 9999 9999 9999
001POHNPEI 1975 21  9999 9999 9999 9999 9999 9999 9999 9999 9999 9999 9999
001POHNPEI 1975 22  9999 9999 9999 9999 9999 9999 9999 9999 9999 9999 9999
001POHNPEI 1975 23  9999 9999 9999 9999 9999 9999
001POHNPEI 1975 31  9999 9999 9999 9999 9999 9999 9999 9999 9999 9999 9999
001POHNPEI 1975 32  9999 9999 9999 9999 9999 9999 9999 9999 9999 9999 9999
001POHNPEI 1975 33   819  833  845  847  834  825  835  824  809
001POHNPEI 1975 41   800  797  803  791  788  788  783  804  820  820  813
001POHNPEI 1975 42   816  824  827  827  826  846  859  862  869  865  865
001POHNPEI 1975 43   870  865  851  836  838  837  838  845
001POHNPEI 1975 51   840  845  851  850  834  829  840  843  825  815  822
001POHNPEI 1975 52   810  796  788  791  800  794  796  802  797  773  764
001POHNPEI 1975 53   762  771  771  766  784  787  783  779  776
001POHNPEI 1975 61   774  775  790  803  797  797  794  785  777  782  775
001POHNPEI 1975 62   782  790  796  810  815  809  798  805  802  782  767
001POHNPEI 1975 63   764  756  749  740  736  730  730  749
001POHNPEI 1975 71   742  714  717  724  710  684  687  687  693  715  722
001POHNPEI 1975 72   731  735  744  746  726  703  709  702  693  680  688
001POHNPEI 1975 73   714  740  746  760  764  740  741  748  734
001POHNPEI 1975 81   742  727  724  745  757  745  756  773  773  779  771
001POHNPEI 1975 82   763  753  756  741  734  737  740  743  758  764  758
001POHNPEI 1975 83   755  746  752  748  746  743  740  764  762
001POHNPEI 1975 91   764  785  788  785  787  799  795  798  800 9999 9999
001POHNPEI 1975 92  9999 9999 9999 9999 9999 9999 9999  841  866  858  850
001POHNPEI 1975 93   871  878  864  880  907  909  914  914
001POHNPEI 1975101   915  920  925  923  897  867  869  869  853  846  852
001POHNPEI 1975102   873  869  839  850  860  865  868  865  866  852  829
001POHNPEI 1975103   813  800  803  844  854  844  852  859  857
001POHNPEI 1975111  9999 9999  883  875  862  862  859  870  877  855  853
001POHNPEI 1975112   856  864  881  901  890  887  875  854  833  848  881
001POHNPEI 1975113   878  883  896  914  913  905  910  891
001POHNPEI 1975121   892  878  881  866  836  841  863  879  872  866  851
001POHNPEI 1975122   847  830  813  793  796  793  782  774  784  783  794
001POHNPEI 1975123   813  806  808  813  812  805  799  782  763
001POHNPEI 1976 11   755  762  777  780  761  760  771  774  765  768  786
001POHNPEI 1976 12   767  755  775  789  801  804  829  843  824  819  818
001POHNPEI 1976 13   796  791  780  786  806  795  802  804  798
001POHNPEI 1976 21   824  828  797  797  795  795  786  763  760  777  781
001POHNPEI 1976 22   764  766  776  781  780  773  780  771  773  773  756
001POHNPEI 1976 23   768  769  757 9999 9999 9999  738
001POHNPEI 1976 31   739  750  750  723  708  709  722  705  707  723  736
001POHNPEI 1976 32   749  770  755  746  765  776  753  751  759  733  731
001POHNPEI 1976 33   753  757  753  752  777  792  787  795  787
001POHNPEI 1976 41   782  787  786  783  773  780  781  771  779  789  787
001POHNPEI 1976 42   783  761  751  745  739  745  745  739  740  748  743
001POHNPEI 1976 43   743  749  737  696  687  696  678  667
001POHNPEI 1976 51   655  669  686  671  666  654  646  650  649  654  668
001POHNPEI 1976 52   656  638  637  638  641  652  660  669  696  684  677
001POHNPEI 1976 53   683  668  652  662  673  669  656  654  648
001POHNPEI 1976 61   651  656  654  664  680  687  680  662  659  657  647
001POHNPEI 1976 62   647  655  674  691  681  676  689  692  673  648  648
001POHNPEI 1976 63   660  663  647  614  635  656  642  636
001POHNPEI 1976 71   646  647  635  638  647  632  637  643  645  627  617
001POHNPEI 1976 72   609  584  597  624  610  588  588  589  587  571  563
001POHNPEI 1976 73   567  588  591  585  579  592  625  636  641
001POHNPEI 1976 81   634  626  627  598  586  604  596  601  606  600  622
001POHNPEI 1976 82   605  613  604  571  578  585  588  582  564  580  572
001POHNPEI 1976 83   574  598  607  619  622  612  610  598  584
001POHNPEI 1976 91   586  586  594  606  613  601  592  636  598  561  568
001POHNPEI 1976 92   562  564  564  574  554  527  535  540  547  566  557
001POHNPEI 1976 93   560  586  581  551  542  558  551  534
001POHNPEI 1976101   548  544  546  544  551  568  572  566  561  563  563
001POHNPEI 1976102   552  560  561  547  574  580  576  569  588  589  574
001POHNPEI 1976103   569  577  569  561  552  561  569  573  556
001POHNPEI 1976111   553  553  542  551  549  539  524  512  506  531  528
001POHNPEI 1976112   522  561  565  567  568  588  584  571  568  577  577
001POHNPEI 1976113   578  594  593  594  596  591  592  580
001POHNPEI 1976121   584  588  579  584  590  583  555  543  547  552  567
001POHNPEI 1976122   576  607  618  603  613  608  582  580  585  587  591
001POHNPEI 1976123   605  595  593  582  567  568  565  579 9999
001POHNPEI 1977 11   583  589  596  594  590  571  561  584  598  582  596
001POHNPEI 1977 12   618  597  574  575  552  534  535  542  558  558  574
001POHNPEI 1977 13   577  561  563  570  561  574  597  594  589
001POHNPEI 1977 21   582  616  631  640  661  663  688  695  677  696  699
001POHNPEI 1977 22   708  703  701  720  734  738  731  745  760  750  770
001POHNPEI 1977 23   784  791  784  784  816  833
001POHNPEI 1977 31   840  854  862  857  849  867  864  862  869  847  827
001POHNPEI 1977 32   844  842  817  824  837  825  812  811  804  806  805
001POHNPEI 1977 33   796  776  770  764  773  785  769  776  787
001POHNPEI 1977 41   783  810  825  827  829  810  827  834  827  827  826
001POHNPEI 1977 42   840  861  830  820  821  816  815  806  794  806  806
001POHNPEI 1977 43   805  801  798  796  780  796  799  780
001POHNPEI 1977 51   776  784  779  760  773  763  756  763  752  741  743
001POHNPEI 1977 52   746  754  756  747  721  713  720  727  741  746  743
001POHNPEI 1977 53   744  770  789  774  783  802  793  790  801
001POHNPEI 1977 61   799  790  781  779  779  791  804  820  822  816 9999
001POHNPEI 1977 62  9999 9999  792  795  791  795  809  814  806  787  772
001POHNPEI 1977 63   769  772  771  770  781  776  754  755
001POHNPEI 1977 71   760  767  776  800  791  772  764  753  738  729  734
001POHNPEI 1977 72   739 9999 9999 9999  733  731  734  734  740  749  745
001POHNPEI 1977 73   745  753  747  749  744  729  745  766  749
001POHNPEI 1977 81   742  743  740  732  721  710  698  686  683  674  682
001POHNPEI 1977 82   716  726  727  729  718  727  723  704  715  704  703
001POHNPEI 1977 83   716  709  709  701  695  694  706  715  675
001POHNPEI 1977 91   670  688  668  662  658  663  673  661  664  680  698
001POHNPEI 1977 92   708  686  680  700  717  706  694  681  665  655  669
001POHNPEI 1977 93   684  675  651  644  663  653  641  661
001POHNPEI 1977101   689  669  683  683  676  704  707  693  687  697  718
001POHNPEI 1977102   726  692  666  694  693  662  665  665  664  664  672
001POHNPEI 1977103   675  669 9999 9999 9999 9999 9999  641  630
001POHNPEI 1977111   640  647  661  670  670  669  678  676  681  685  673
001POHNPEI 1977112   665  659  664  670  667  682  685  684  701  709  688
001POHNPEI 1977113   693  698  679  680  681  711  689  646
001POHNPEI 1977121   648  632  634  673  675  671  698  699  691  690  695
001POHNPEI 1977122   680  680  712  709  698  705  696  670  666  687  684
001POHNPEI 1977123   685  684  658  644  653  646  645  642  610
001POHNPEI 1978 11   654  624  603  635  622  627  610  625  618  597  581
001POHNPEI 1978 12   568  565  546  556 9999 9999  548  535  553  554  562
001POHNPEI 1978 13   550  578  591  608  605  603  602  582  588
001POHNPEI 1978 21   594  582  584  588  602  632  634  622  650  665  628
001POHNPEI 1978 22   628  660  673  671  661  657  655  662  689  691  717
001POHNPEI 1978 23   729  713  706  699  697  685
001POHNPEI 1978 31   657  674  688  670  667  674  699  713  713  724  732
001POHNPEI 1978 32   740  749  752  747  755  766  773  781  795  810  811
001POHNPEI 1978 33   817  827  838  845  853  858  840  849  855
001POHNPEI 1978 41   820  816  819  809  820  809  818  843  826  826  840
001POHNPEI 1978 42   826  809  819  821  807  806  799  798  809  813  808
001POHNPEI 1978 43   817  820  818  816  814  824  818  809
001POHNPEI 1978 51   807  805  801  783  786  773  778  809  805  825  823
001POHNPEI 1978 52   808  837  837  834  849  862  876  860  844  830  825
001POHNPEI 1978 53   818  837  823  809  812  812  813  794  779
001POHNPEI 1978 61   784  768  764  745  735  732  731  739  733  734  754
001POHNPEI 1978 62   750 9999 9999  755  761  754  756  750  755  790  784
001POHNPEI 1978 63   773  764  766  760  742  752  751  751
001POHNPEI 1978 71   748  750  754  733  726  734  735  727  742  756  744
001POHNPEI 1978 72   734  748  753  742  752  736  735  753  748  750  765
001POHNPEI 1978 73   770  763  767  765  737  718  727  721  707
001POHNPEI 1978 81   710  719  726  727  735  751  763  760  769  779  754
001POHNPEI 1978 82   753  771  752  718  735  762  780  790  791  792  771
001POHNPEI 1978 83   757  755  741  729  725  728  727  723  723
001POHNPEI 1978 91   730  736  741  732  735  749  748  755  760  743  739
001POHNPEI 1978 92   751  780  793  797  801  787  808  819  809  802  797
001POHNPEI 1978 93   805  810  808  812  818  813  808  826
001POHNPEI 1978101   857  847  823  830  848  843  827  821  823  805  809
001POHNPEI 1978102   814  826  848  843  842  826  825  826  833  819  815
001POHNPEI 1978103   808  826  820  813  824  845  839  820  830
001POHNPEI 1978111   843  821  816  827  820  797  802  808  818  831  815
001POHNPEI 1978112   821  834  819  799  816  811  828  843  817  803  833
001POHNPEI 1978113   855  851  866  875  852  838  820  790
001POHNPEI 1978121   789  763  788  816  796  795  798  786  788  784  752
001POHNPEI 1978122   738  754  747  727  712  707  717  736  723  717  718
001POHNPEI 1978123   714  733  725  707  708  717  724  722  721
001POHNPEI 1979 11   721  719  717  727  745  734  703  687  693  678  689
001POHNPEI 1979 12   680  655  650  643  655  657  650  643  654  656  654
001POHNPEI 1979 13   671  667  653  671  679  676  680  702  700
001POHNPEI 1979 21   678  670  654  670  672  662  658  653  653  637  631
001POHNPEI 1979 22   640  637  635  641  642  647  631  633  652  641  645
001POHNPEI 1979 23   677  673  666  679  702  695
001POHNPEI 1979 31   675  682  679  686  698  708  735  719  730  774  786
001POHNPEI 1979 32   795  795  786  804  800  781  784  776  768  762  762
001POHNPEI 1979 33   760  772  785  802  812  819  825  807  799
001POHNPEI 1979 41   793  799  796  797  792  791  815  837 9999 9999 9999
001POHNPEI 1979 42  9999 9999 9999 9999 9999 9999 9999 9999 9999 9999 9999
001POHNPEI 1979 43  9999 9999  771  752  760  757  754  749
001POHNPEI 1979 51   748  751  763  771  779  778  776  774  770  770  782
001POHNPEI 1979 52   786  779  775  770  757  766  769  752  759  782  779
001POHNPEI 1979 53   765  747  738  737  730  722  726  737  732
001POHNPEI 1979 61   727  730  721  722  724  717  724  709  718  729  724
001POHNPEI 1979 62   736  758  780  773  762  769  775  779  772  770  764
001POHNPEI 1979 63   770  772  775  773  771  760  750  756
001POHNPEI 1979 71   776  781  770  759  757  751  738  729  732  746  753
001POHNPEI 1979 72   745  742  758  753  749  750  739  723  715  722  730
001POHNPEI 1979 73   722  731  746  748  745  734  761  786  773
001POHNPEI 1979 81   770  773  760  767  769  753  742  750  762  751  742
001POHNPEI 1979 82   732  715  716  712  699  685  697  704  692  685 9999
001POHNPEI 1979 83  9999 9999  682  695  707  695  696  705  715
001POHNPEI 1979 91   716  715  718  714  721  740  738  738  746  740  714
001POHNPEI 1979 92   712  710  721  718  716  719  727  730  725  725  742
001POHNPEI 1979 93   752  741  736  748  735  715  726  759
001POHNPEI 1979101   771  780  763  762  767  736  736  708  710  711  696
001POHNPEI 1979102   719  716  687  685  689  695  708  693  709  704  697
001POHNPEI 1979103   687  685  694  702  686  697  706  713  727
001POHNPEI 1979111   734  745  739  740  733  710  712  712  698  709  716
001POHNPEI 1979112   719  716  726  752  769  752  749  746  748  747  733
001POHNPEI 1979113   753  755  767  758  764  781  763  775
001POHNPEI 1979121   802  819  800  735  662  637  632  646  660  631  618
001POHNPEI 1979122   626  637  661  631  612  627  635  606  615  618  631
001POHNPEI 1979123   622  618  638  645  634  642  632  627  625
001POHNPEI 1980 11   643  652  653  676  700  693  653  650  671  658  635
001POHNPEI 1980 12   654  677  650  651  674  649  640  672  703  702  710
001POHNPEI 1980 13   715  689  674  681  680  659  657  669  685
001POHNPEI 1980 21   677  663  679  714  715  707  722  717  708  734  719
001POHNPEI 1980 22   708  702  704  712  681  697  729  731  739  740  711
001POHNPEI 1980 23   701  713  706  689  694  695  709
001POHNPEI 1980 31   707  713  718  727  748  754  755  742  750  753  746
001POHNPEI 1980 32   763  757  771  797  777  784  800  791  772  753  742
001POHNPEI 1980 33   738  725  722  727  733  716  726  747  743
001POHNPEI 1980 41   718  713  722  709  688  700  716  711  714  725  731
001POHNPEI 1980 42   767  782  775  764  745  749  753  745  731  721  731
001POHNPEI 1980 43   742  751  748  748  747  745  751  740
001POHNPEI 1980 51   730  742  736  712  710  723  755  764  746  738  750
001POHNPEI 1980 52   743  758  759  729  717  730  745  712  700  714  706
001POHNPEI 1980 53   704  709  693  683  698  702  697  690  689
001POHNPEI 1980 61   683  673  682  691  684  702  709  726  741  738  734
001POHNPEI 1980 62   732  719  711  700  713  724  726  717  721  726  717
001POHNPEI 1980 63   716  733  734  723  720  729  717  715
001POHNPEI 1980 71   729  723  726  732  722  722  717  685  703  715  688
001POHNPEI 1980 72   698  710  705  680  673  673  665  674  681  654  651
001POHNPEI 1980 73   665  642  647  677  674  656  675  673  653
001POHNPEI 1980 81   665  685  684  667  684  691  701  682  667  666  634
001POHNPEI 1980 82   636  651  651  650  637  656  678  656  645  657  660
001POHNPEI 1980 83   661  675  682  678  681  680  687  678  679
001POHNPEI 1980 91   680  686  703  688  684  677  663  658  660  662  658
001POHNPEI 1980 92   681  688  684  674  673  664  681  679  652  668  679
001POHNPEI 1980 93   672  666  656  681  698  685  682  687
001POHNPEI 1980101   687  704  682  680  715  722  727  715  722  740  736
001POHNPEI 1980102   738  720  711  719  735  760  759  748  778  784  765
001POHNPEI 1980103   755  751  732  691  676  679  656  652  630
001POHNPEI 1980111   622  647  630  619  630  628  638  637  638  649  625
001POHNPEI 1980112   636  656  690  721  711  702  694  705  704  672  665
001POHNPEI 1980113   685  669  652  652  654  656  680  690
001POHNPEI 1980121   674  660  669  673  668  657  647  661  655  637  619
001POHNPEI 1980122   616  618  619  627  627  639  628  628  619  610  605
001POHNPEI 1980123   609  596  596  601  608  610  613  596  611
001POHNPEI 1981 11   626  608  627  630  624  627  616  632  648  656  656
001POHNPEI 1981 12   653  653  653  683  681  646  653 9999 9999 9999 9999
001POHNPEI 1981 13  9999 9999 9999 9999 9999  665  661  673  679
001POHNPEI 1981 21   667  671  696  714  700  709  721  732  748  759  773
001POHNPEI 1981 22   773  759  758  765  751  745  754  780  777  776  767
001POHNPEI 1981 23   769  782  781  784  760  742
001POHNPEI 1981 31   741  733  739  756  759  762  768  771  782  777  767
001POHNPEI 1981 32   761  760  753  726  698  685  680  698  702  719  719
001POHNPEI 1981 33   722  697  689  688  690  701  697  707  714
001POHNPEI 1981 41   715  730  740  745  762  779  771  751  739  742  744
001POHNPEI 1981 42   740  735  724  730 9999 9999 9999 9999 9999 9999 9999
001POHNPEI 1981 43  9999 9999 9999 9999 9999 9999 9999 9999
001POHNPEI 1981 51  9999 9999 9999 9999 9999 9999 9999 9999 9999 9999 9999
001POHNPEI 1981 52  9999 9999 9999 9999 9999 9999 9999 9999 9999 9999 9999
001POHNPEI 1981 53  9999 9999 9999 9999 9999 9999 9999 9999 9999
001POHNPEI 1981 61  9999 9999 9999 9999 9999 9999 9999 9999 9999 9999 9999
001POHNPEI 1981 62  9999 9999 9999 9999 9999  731  728  726  729  734  743
001POHNPEI 1981 63   739  726  729  753  754  735  737  741
001POHNPEI 1981 71   741  722  710  714  729  727  728  731  731  743  730
001POHNPEI 1981 72   707  712  714  706  701  702  716  719  724  731  722
001POHNPEI 1981 73   742  746  743  763  741  717  738  747  742
001POHNPEI 1981 81   751  754  757  762  763  769  771  740  709  714  713
001POHNPEI 1981 82   719  714  713  722  723  716  737  735  739  744  740
001POHNPEI 1981 83   730  724  714  703  709  703  696  718  722
001POHNPEI 1981 91   750  741  732  756  752  730  725  726  725  737  754
001POHNPEI 1981 92   757  758  750  775  791  793  798  799  787  776  791
001POHNPEI 1981 93   782  769  776  772  789  779  768  786
001POHNPEI 1981101   778  764  761  770  758  761  757  756  750  776  796
001POHNPEI 1981102   782  768  765  767  744  743  742  724  716  708  719
001POHNPEI 1981103   736  754  764  765  767  772  779  768  759
001POHNPEI 1981111   781  757  768  793  805  815  820  818  831  844  827
001POHNPEI 1981112   818  823  799  787  793  775  758  765  775  771  795
001POHNPEI 1981113   787  760  764  749  736  748  757  742
001POHNPEI 1981121   756  774  779  795  801  799  785  778  781  773  765
001POHNPEI 1981122   762  754  756  740  727  740  753  759  769  775  794
001POHNPEI 1981123   789  764  754  761  750  752  739  741  745
001POHNPEI 1982 11   733  754  759  763  769  760  767  794  772  769  783
001POHNPEI 1982 12   781  777  767  770  769  766  753  719  705  696  691
001POHNPEI 1982 13   695  701  691  703  723  744  750  766  781
001POHNPEI 1982 21   771  774  763  741  757  777  784  764  743  761  768
001POHNPEI 1982 22   762  769  778  781  778  790  773  762  774  788  774
001POHNPEI 1982 23   779  771  770  785  789  759
001POHNPEI 1982 31   777  815  811  793  791  807  809  793  819  822  816
001POHNPEI 1982 32   834  830  846  818  794  804  793  798  800  787  799
001POHNPEI 1982 33   811  798  791  804  809  809  843  804  723
001POHNPEI 1982 41   719  710  687  672  679  688  682  685  676  683  692
001POHNPEI 1982 42   690  692  680  676  687  702  712  720  721  740  751
001POHNPEI 1982 43   740  730  737  734  732  739  725  716
001POHNPEI 1982 51   726  732  738  734  726  750  746  730  709  709  697
001POHNPEI 1982 52   685  673  669  664  671  677  680  671  658  665  665
001POHNPEI 1982 53   656  664  669  650  656  675  668  665  674
001POHNPEI 1982 61   674  660  651  651  644  638  622  614  623  625  622
001POHNPEI 1982 62   634  650  649  647  653  659  655  654  651  635  625
001POHNPEI 1982 63   626  612  601  583  602  619  604  586
001POHNPEI 1982 71   583  573  550  545  547  545  540 9999 9999 9999 9999
001POHNPEI 1982 72   570  573  570  544  559  574  571  558  550  559  569
001POHNPEI 1982 73   588  611  620  612  604  599  598  589  576
001POHNPEI 1982 81   574  561  560  576  581  590  564  542  541  546  543
001POHNPEI 1982 82   533  551  553  522  517  516  509  516  542  556  540
001POHNPEI 1982 83   524  514  508  524  503  476  499  514  523
001POHNPEI 1982 91   513  513  527  523  534  529  539  545  546  536  522
001POHNPEI 1982 92   512  526  530  519  534  537  532  522  517  516  502
001POHNPEI 1982 93   501  489  470  466  491  492  488  490
001POHNPEI 1982101   490  510  492  487  485  484  503  477  460  487  490
001POHNPEI 1982102   491  511  532  507  510  518  507  518  530  516  514
001POHNPEI 1982103   511  525  534  517  532  537  550  562  583
001POHNPEI 1982111   603  591  565  581  600  613  598  596  608  646  666
001POHNPEI 1982112   627  598  567  549  556  541  540  554  547  531 9999
001POHNPEI 1982113  9999  497  501  522  542  540  514  503
001POHNPEI 1982121   487  475  450  441  437  453  421  436  428  392  385
001POHNPEI 1982122   415  408  402  429  442  434  403  397  439  437  433
001POHNPEI 1982123   434  436  439  449  449  438  446  454  450
001POHNPEI 1983 11   463  463  468  472  447  424  442  470  453  444  451
001POHNPEI 1983 12   443  450  450  457  470  460  487  527  508  494  497
001POHNPEI 1983 13   514  515  511  534  534  524  536  534  539
001POHNPEI 1983 21   538  562  574  567  573  547  555  559  549  533  538
001POHNPEI 1983 22   582  600  586  587  590  606  620  592  589  593  570
001POHNPEI 1983 23   575  581  590  614  638  638
001POHNPEI 1983 31   631  610  603  628  646  636  629  624  623  644  640
001POHNPEI 1983 32   638  665  667  682  698  713  714  720  729  718  729
001POHNPEI 1983 33   735  740  741  758  778  791  787  797  808
001POHNPEI 1983 41   800  801  794  779  772  771  782  774  765  770  793
001POHNPEI 1983 42   803  802  800  806  806  794  798  800  805  823  827
001POHNPEI 1983 43   822  808  819  831  823  806  796  801
001POHNPEI 1983 51   778  757  757  755  761  750  750  765  772  781  799
001POHNPEI 1983 52   805  791  771  767  769  783  794  801  818  824  826
001POHNPEI 1983 53   813  802  803  783  772  777  785  786  775
001POHNPEI 1983 61   779  802 9999 9999 9999 9999  802  799  784  783  783
001POHNPEI 1983 62   771  765  768  787  792  801  803  798  789  784  786
001POHNPEI 1983 63   795  792  769  759  760  775  792  785
001POHNPEI 1983 71   796  809  811  801  787  792  800  795  799  809  830
001POHNPEI 1983 72   845  829  828  849  829  804  808  804  765  744  738
001POHNPEI 1983 73   729  732  739  719  727  763  724  732  739
001POHNPEI 1983 81   732  728 9999 9999 9999 9999 9999 9999 9999 9999 9999
001POHNPEI 1983 82  9999 9999 9999 9999 9999 9999 9999  688  699  710  717
001POHNPEI 1983 83   725  736  742  728  718  715  721  728  722
001POHNPEI 1983 91   718  714  732  746  759  758  761  774  785  777  776
001POHNPEI 1983 92   784  767  764  767  773  787  780  790  800  774  786
001POHNPEI 1983 93   809  795  780  763  749  745  747  758
001POHNPEI 1983101   749  770  788  784  788  805  814  791  781  778  778
001POHNPEI 1983102   783  784  793  807  797  812  837  839  853  863  875
001POHNPEI 1983103   865  839  816  797  784  798  789  784  795
001POHNPEI 1983111   774  774  788  786  753  747  755  727  728  735  723
001POHNPEI 1983112   738  748  765  747  753  778  771  764  759  772  767
001POHNPEI 1983113   760  743  752  766  761  766  772  768
001POHNPEI 1983121   750  754  739  714  717  709  692  701  720  724  708
001POHNPEI 1983122   704  711  718  703  698  700  696  673  669  668  671
001POHNPEI 1983123   665  655  671  691  697  675  681  662  665
001POHNPEI 1984 11   675  670  662  666  679  674  667  683  700  710  699
001POHNPEI 1984 12   705  700  673  674  695  678  675  694  714  721  712
001POHNPEI 1984 13   712  716  692  669  683  692  672  658  677
001POHNPEI 1984 21   676  691  682  695  729  697  716  736  704  696  701
001POHNPEI 1984 22   698  694  703  692  703  718  726  745  772  762  748
001POHNPEI 1984 23   750  744  759  760  741  751  768
001POHNPEI 1984 31   779  785  788  805  813  801  817  825  814  815  806
001POHNPEI 1984 32   776  776  809  830  832  827  831  840  821  816  818
001POHNPEI 1984 33   812  790  768  766  791  796  781  796  797
001POHNPEI 1984 41   791  790  786  774  759  754  762  762  754  768  779
001POHNPEI 1984 42   779  790  805  838  845  816  812  807  780  779  797
001POHNPEI 1984 43   789  758  770  772  767  773  781  791
001POHNPEI 1984 51   767  754  767  758  750  746  749  753  761  775  779
001POHNPEI 1984 52   771  778  790  777  760  751  750  749  739  736  741
001POHNPEI 1984 53   758  780  780  773  769  774  770  759  742
001POHNPEI 1984 61   748  745  743  744  751  772  794  791  793  781  774
001POHNPEI 1984 62   787  775  762  757  760  762  753  764  773  772  769
001POHNPEI 1984 63   778  779  781  758  742  736  745  744
001POHNPEI 1984 71   734  740  751  755  755  745  750  734  721  718  702
001POHNPEI 1984 72   702  710  707  711  727  745  763  776  779  782  789
001POHNPEI 1984 73   774  768  753  735  736  736  732  738  744
001POHNPEI 1984 81   755  766  755  716  706  724  727  724  716  714  720
001POHNPEI 1984 82   724  720  732  743  736  754  751  735  739  763  739
001POHNPEI 1984 83   731  739  750  742  740  745  730  720  726
001POHNPEI 1984 91   705  684  681  664  653  666  671  669  684  705  710
001POHNPEI 1984 92   728  741  735  748  749  742  744  740  724  728  751
001POHNPEI 1984 93   783  797  786  778  775  752  736  706
001POHNPEI 1984101   695  697  686  692  706  702  704  710  693  696  711
001POHNPEI 1984102   709  700  677  676  681  688  686  692  691  716  733
001POHNPEI 1984103   715  706  702  683  678  683  696  696  698
001POHNPEI 1984111   710  712  736  733  701  700  715  713  717  728  716
001POHNPEI 1984112   727  756  737  733  764  778  790  802  808  796  791
001POHNPEI 1984113   802  804  805  772  781  811  809  801
001POHNPEI 1984121   829  858  850  846  845  859  843  842  837  818  828
001POHNPEI 1984122   826  840  850  864  864  851  834  829  842  854  830
001POHNPEI 1984123   821  838  824  839  842  818  820  809  796
001POHNPEI 1985 11   778  773  776  757  769  756  756  770  757  748  777
001POHNPEI 1985 12   785  764  784  802  816  809  816  822  814  825  802
001POHNPEI 1985 13   793  829  844  825  828  810  810  815  804
001POHNPEI 1985 21   805  817  809  817  825  803  809  846  852  844  838
001POHNPEI 1985 22   842  850  824  843  850  848  875  875  852  849  855
001POHNPEI 1985 23   860  861  856  837  837  858
001POHNPEI 1985 31   862  854  866  867  871  881  885  879  856  850  843
001POHNPEI 1985 32   832  817  798  789  786  787  808  801  804  804  797
001POHNPEI 1985 33   790  800  787  753  735  749  740  739  742
001POHNPEI 1985 41   762  774  773  786  785  796  812  804  792  776  763
001POHNPEI 1985 42   775  778  783  789  797  827  824  815  820  793  787
001POHNPEI 1985 43   784  769  775  797  809  817  835  855
001POHNPEI 1985 51   852  848  833  817  800  777  765  773  765  761  771
001POHNPEI 1985 52   755  759  761  748  736  732  732  717  717  719  712
001POHNPEI 1985 53   701  702  714  715  731  735  736  742  723
001POHNPEI 1985 61   709  697  695  703  695  690  695  717  719  737  770
001POHNPEI 1985 62   771  761  751  742  737  730  726  713  714  714  713
001POHNPEI 1985 63   730  721  721  721  704  720  720  688
001POHNPEI 1985 71   674  691  678  651  673  680  670  679  684  692  688
001POHNPEI 1985 72   682  679  686  678  662  666  668  665  664  682  701
001POHNPEI 1985 73   723  721  704  706  676  659  655  662  670
001POHNPEI 1985 81   666  671  667  671  671  669  683  677  659  663  655
001POHNPEI 1985 82   637  644  653  670  674  670  685  699  679  681  680
001POHNPEI 1985 83   663  665  667  681  685  697  689  685  708
001POHNPEI 1985 91   706  702  690  685  692  696  684  672  684  682  704
001POHNPEI 1985 92   717  742  751  760  767  748  728  723  710  688  677
001POHNPEI 1985 93   685  707  708  690  710  721  717  730
001POHNPEI 1985101   717  699  708  700  688  681  675  705  735  751  742
001POHNPEI 1985102   747  781  794  768  766  761  730  721  711  702  710
001POHNPEI 1985103   718  715  736  713  708  731  716  705  701
001POHNPEI 1985111   697  699  681  708  730  735  737  748  766  776  771
001POHNPEI 1985112   763  752  737  718  721  697  688  702  692  678  695
001POHNPEI 1985113   706  680  695  721  709  699  683  679
001POHNPEI 1985121   684  683  691  708  731  741  749  728  713  729  710
001POHNPEI 1985122   706  723  742  756  762  762  743  750  745  755  761
001POHNPEI 1985123   737  732  740  748  754  763  744  744  771
001POHNPEI 1986 11   780  767  769  780  789  797  760  764  784  786  776
001POHNPEI 1986 12   772  804  812  807  818  817  813  813  808  796  802
001POHNPEI 1986 13   786  751  757  769  776  791  806  824  825
001POHNPEI 1986 21   821  836  803  772  759  762  768  769  777  780  793
001POHNPEI 1986 22   806  811  809  801  809  803  785  784  787  790  786
001POHNPEI 1986 23   796  817  821  826  825  828
001POHNPEI 1986 31   825  830  826  819  805  801  825  832  833  845  865
001POHNPEI 1986 32   866  848  844  830  834  852  854  829  826  854  863
001POHNPEI 1986 33   861  866  874  880  883  883  870  859  848
001POHNPEI 1986 41   811  829  846  830  841  860  856  849  838  834  837
001POHNPEI 1986 42   825  812  813  797  799  814  821  829  845  869  854
001POHNPEI 1986 43   828  837  846  832  835  822  823  818
001POHNPEI 1986 51  9999  838  832  844  842  844  825  811  804  789  784
001POHNPEI 1986 52   778  757  751  776  792  796  775  674  642  637  618
001POHNPEI 1986 53   605  593  603  622  611  617  654  659  681
001POHNPEI 1986 61   688  708  721  724  727  721  740  743  752  768  771
001POHNPEI 1986 62   771  791  812  826  828  811  798  805  794  770  749
001POHNPEI 1986 63   743  747  744  719  717  718  720  697
001POHNPEI 1986 71   701  714  696  679  674  671  666  674  689  683  672
001POHNPEI 1986 72   687  700  701  694  695  681  675  672  661  667  682
001POHNPEI 1986 73   690  690  700  690  692  688  679  690  689
001POHNPEI 1986 81   666  666  691  696  694  706  715  720  720  714  730
001POHNPEI 1986 82   746  722  694  717  737  722  705  719  735  763  767
001POHNPEI 1986 83   764  749  742  742  729  732  710  715  743
001POHNPEI 1986 91   756  761  772  784  800  783  778  795  785  746  727
001POHNPEI 1986 92   717  723  738  731  727  717  717  724  727  704  678
001POHNPEI 1986 93   665  696  698  682  669  665  655  678
001POHNPEI 1986101   690  655  659  674  657  671  656  633  648  662  669
001POHNPEI 1986102   667  680  702  684  661  680  676  648  656  663  648
001POHNPEI 1986103   638  642  665  652  666  691  693  692  706
001POHNPEI 1986111   700  707  706  674  673  669  650  666  688  676  668
001POHNPEI 1986112   690  679  669  668  664  640  631  641  642  626  623
001POHNPEI 1986113   636  643  657  667  678  692  688  651
001POHNPEI 1986121   623  606  594  630  625  581  587  596  588  578  596
001POHNPEI 1986122   602  603  637  594  534  557  526  514  540  537  536
001POHNPEI 1986123   557  558  547  531  555  537  524  520  506
001POHNPEI 1987 11   515  507  522  535  528  531  526  511  503  525  491
001POHNPEI 1987 12   474  493  492  480  466  480  501  522  572  568  565
001POHNPEI 1987 13   585  594  620  623  599  612  637  660  668
001POHNPEI 1987 21   691  719  719  731  744  738  716  713  734  738  735
001POHNPEI 1987 22   748  760  756  760  757  762  735  707  724  719  687
001POHNPEI 1987 23   671  677  681  673  675  671
001POHNPEI 1987 31   670  670  684  700  686  661  665  667  677  681  672
001POHNPEI 1987 32   695  721  710  703  729  741  747  744  728  719  730
001POHNPEI 1987 33   748  762  772  767  771  785  803  813  809
001POHNPEI 1987 41   798  794  812  788  780  778  783  794  793  814  818
001POHNPEI 1987 42   800  787  793  800  783  753  751  746  746  745  737
001POHNPEI 1987 43   752  761  756  732  711  716  721  726
001POHNPEI 1987 51   733  736  741  754  763  785  783  766  772  767  750
001POHNPEI 1987 52   747  749  730  728  716  695  697  710  707  720  724
001POHNPEI 1987 53   711  704  705  704  699  687  670  672  673
001POHNPEI 1987 61   682  699  715  737  744  740  729  721  727  718  703
001POHNPEI 1987 62   698  717  716  702  702  720  726  704  704  703  700
001POHNPEI 1987 63   701  667  671  682  659  648  656  678
001POHNPEI 1987 71   678  674  673  678  673  669  662  653  621  619  635
001POHNPEI 1987 72   644  658  647  632  644  646  627  610  592  574  569
001POHNPEI 1987 73   561  548  565  563  565  575  582  589  590
001POHNPEI 1987 81   606  605  596  592  598  593  597  598  611  611  611
001POHNPEI 1987 82   626  640  630  598  595  598  581  564  550  545  545
001POHNPEI 1987 83   549  573  571  567  594  620  609  592  592
001POHNPEI 1987 91   578  541  555  578  557  569  621  630  623  619  607
001POHNPEI 1987 92   604  592  563  562  539  521  545  559  588  601  589
001POHNPEI 1987 93   600  606  620  611  587  598  587  573
001POHNPEI 1987101   573  585  612  629  613  615  655  642  615  606  602
001POHNPEI 1987102   587  562  571  578  577  591  594  595  584  581  586
001POHNPEI 1987103   586  586  578  569  565  574  587  595  593
001POHNPEI 1987111   603  629  640  644  637  637  635  625  621  630  643
001POHNPEI 1987112   642  646  642  645  662  672  665  660  638  657  657
001POHNPEI 1987113   613  635  653  642  652  660  661  653
001POHNPEI 1987121   644  634  632  602  602  610  617  614  610  627  659
001POHNPEI 1987122   649  615  625  648  621  615  641  638  624  618  607
001POHNPEI 1987123   599  592  603  625  610  620  628  602  602
001POHNPEI 1988 11   598  588  562  555  571  581  589  589  618  632  597
001POHNPEI 1988 12   586  587  560  586  579  564  586  558  578  591  632
001POHNPEI 1988 13   619  613  626  606  617  614  601  627  621
001POHNPEI 1988 21   640  645  656  672  678  687  706  720  714  720  717
001POHNPEI 1988 22   711  711  731  755  758  758  776  767  761  738  721
001POHNPEI 1988 23   727  705  695  710  704  692  703
001POHNPEI 1988 31   713  727  737  748  752  752  740  736  725  702  704
001POHNPEI 1988 32   721  745  761  763  784  813  827  838  843  833  825
001POHNPEI 1988 33   815  798  793  796  786  795  795  788  785
001POHNPEI 1988 41   779  782  789  783  777  767  764  751  744  775  794
001POHNPEI 1988 42   790  798  816  829  830  818  797  793  784  775  780
001POHNPEI 1988 43   797  795  805  820  829  832  843  836
001POHNPEI 1988 51   826  820  828  825  803  800  818  824  833  846  857
001POHNPEI 1988 52   857  845  844  842  834  837  865  876  850  858  865
001POHNPEI 1988 53   861  852  863  859  855  859  856  852  842
001POHNPEI 1988 61   841  831  816  812  813  830  836  835  825  808  792
001POHNPEI 1988 62   784  777  762  773  769  745  737  746  754  749  734
001POHNPEI 1988 63   738  731  688  660  654  663  671  680
001POHNPEI 1988 71   685  690  719  728  738  750  743  749  746  734  733
001POHNPEI 1988 72   738  743  761  766  781  804  811  796  790  807  806
001POHNPEI 1988 73   783  760  749  757  751  742  762  768  766
001POHNPEI 1988 81   776  785  765  741  733  718  712  690  679  693  682
001POHNPEI 1988 82   676  702  709  699  701  697  697  691  692  693  698
001POHNPEI 1988 83   706  723  735  744  775  804  818  834  824
001POHNPEI 1988 91   818  825  811  803  808  826  847  844  853  879  906
001POHNPEI 1988 92   917  917  901  896  900  917  915  909  917  926  931
001POHNPEI 1988 93   926  932  936  939  908  890  864  861
001POHNPEI 1988101   870  875  870  870  875  889  898  903  906  909  920
001POHNPEI 1988102   943  949  946  965  999 1010 1017 1031 1045 1061 1100
001POHNPEI 1988103  1104 1099 1101 1091 1062 1030 1007  974  952
001POHNPEI 1988111   926  925  928  900  892  903  914  913  897  883  872
001POHNPEI 1988112   854  853  860  866  882  897  898  917  949  936  940
001POHNPEI 1988113   946  918  908  916  914  898  887  892
001POHNPEI 1988121   885  869  857  858  840  823  796  794  791  787  794
001POHNPEI 1988122   787  799  827  831  814  819  830  839  852  861  857
001POHNPEI 1988123   859  843  843  869  890  892  886  884  900
001POHNPEI 1989 11   903  880  868  856  850  865  849  855  891  913  919
001POHNPEI 1989 12   915  909  906  886  866  871  863  865  853  854  857
001POHNPEI 1989 13   842  839  843  837  815  813  813  797  781
001POHNPEI 1989 21   759  743  766  773  754  767  785  794  816  809  806
001POHNPEI 1989 22   801  805  805  795  771  776  789  786  799  808  791
001POHNPEI 1989 23   807  800  779  755  750  726
001POHNPEI 1989 31   712  734  743  753  780  794  781  777  789  784  764
001POHNPEI 1989 32   764  766  764  768  787  794  805  812  814  823  842
001POHNPEI 1989 33   835  827  831  824  826  837  817  817  832
001POHNPEI 1989 41   849  861  883  896  888  885  885  875  843  830  832
001POHNPEI 1989 42   825  824  839  828  834  829  816  820  813  821  812
001POHNPEI 1989 43   812  796  759  770  771  781  793  795
001POHNPEI 1989 51   793  829  799  801  779  775  776  776  751  747  773
001POHNPEI 1989 52   795  822  823  833  827  824  828  799  784  792  765
001POHNPEI 1989 53   777  778  785  794  783  788  801  789  775
001POHNPEI 1989 61   769  764  757  776  761  752  772  780  783  775  768
001POHNPEI 1989 62   750  737  757  756  744  755  744  744  750  733  740
001POHNPEI 1989 63   755  758  766  778  771  761  764  746
001POHNPEI 1989 71   734  736  737  740  732  743  759  751  763  772  773
001POHNPEI 1989 72   773  756  736  747  754  759  767  769  764  777  799
001POHNPEI 1989 73   806  788  794  789  764  757  760  768  775
001POHNPEI 1989 81   793  805  800  786  771  769  754  746  757  739  744
001POHNPEI 1989 82   738  718  731  743  761  771  776  790  781  762  760
001POHNPEI 1989 83   736  736  741  715  729  754  743  735  744
001POHNPEI 1989 91   762  773  782  789  778  767  762  760  767  772  773
001POHNPEI 1989 92   798  803  788  798  804  781  767  772  761  770  780
001POHNPEI 1989 93   777  785  805  815  825  835  832  833
001POHNPEI 1989101   833  814  797  793  789  786  782  796  812  840  865
001POHNPEI 1989102   863  867  878  871  860  872  865  847  851  853  864
001POHNPEI 1989103   874  864  865  877  875  866  846  847  828
001POHNPEI 1989111   817  839  824  832  839  841  846  850  845  872  866
001POHNPEI 1989112   848  841  836  824  821  828  849  849  848  823  819
001POHNPEI 1989113   836  823  800  786  773  750  731  731
001POHNPEI 1989121   729  725  746  774  806  803  802  808  791  766  758
001POHNPEI 1989122   751  735  737  749  742  742  743  744  749  734  698
001POHNPEI 1989123   672  652  633  626  643  652  651  655  678
001POHNPEI 1990 11   695  696  696  692  692  671  661  679  660  652  660
001POHNPEI 1990 12   664  680  672  673  683  673  647  661  698  689  684
001POHNPEI 1990 13   685  680  686  693  713  724  721  703  699
001POHNPEI 1990 21   712  694  656  653  625  614  616  615  616  636  620
001POHNPEI 1990 22   614  634  624  628  648  656  654  644  660  690  703
001POHNPEI 1990 23   699  712  735  736  727  740
001POHNPEI 1990 31   754  760  752  761  766  762  753  757  753  744  760
001POHNPEI 1990 32   788  755  737  739  730  739  714  698  706  721  728
001POHNPEI 1990 33   721  713  708  732  710  693  696  676  658
001POHNPEI 1990 41   651  663  674  673  686  711  723  716  715  721  724
001POHNPEI 1990 42   727  715  724  730  726  757  761  770  798  813  807
001POHNPEI 1990 43   802  817  837  840  825  815  837  860
001POHNPEI 1990 51   866  853  854  864  848  823  809  811  817  814  798
001POHNPEI 1990 52   807  793  780  795  803  806  809  800  780  781  772
001POHNPEI 1990 53   759  744  737  734  730  730  742  754  763
001POHNPEI 1990 61   749  760  769  753  750  748  740  739  738  737  735
001POHNPEI 1990 62   762  770  763  776  788  799  791  772  755  750  763
001POHNPEI 1990 63   773  770  761  766  776  784  762  757
001POHNPEI 1990 71   732  713  701  678  681  691  668  678  695  705  698
001POHNPEI 1990 72   701  720  707  693  698  705  718  714  711  712  725
001POHNPEI 1990 73   741  751  753  738  729  738  713  710  703
001POHNPEI 1990 81   687  692  695  702  699  711  727  724  741  753  741
001POHNPEI 1990 82   725  721  714  693  692  705  703  702  721  730  712
001POHNPEI 1990 83   689  672  668  676  664  641  623  626  629
001POHNPEI 1990 91   634  645  653  669  694  684  666  677  688  680  659
001POHNPEI 1990 92   651  658  636  641  656  656  685  679  665  672  679
001POHNPEI 1990 93   683  684  685  671  657  668  697  703
001POHNPEI 1990101   713  732  702  697  702  699  688  690  693  692  692
001POHNPEI 1990102   706  723  700  681  692  701  695  682  682  683  675
001POHNPEI 1990103   678  670  659  660  667  691  698  690  706
001POHNPEI 1990111   720  715  720  727  717  714  730  739  742  729  712
001POHNPEI 1990112   699  708  699  659  639  627  614  616  594  598  617
001POHNPEI 1990113   657  675  696  670  611  594  579  582
001POHNPEI 1990121   567  555  561  563  588  593  604  623  661  661  653
001POHNPEI 1990122   646  642  638  641  737  719  601  604  607  604  635
001POHNPEI 1990123   600  620  641  613  620  601  599  603  614
001POHNPEI 1991 11   611  598  602  618  611  602  612  614  583  602  594
001POHNPEI 1991 12   589  618  596  584  583  572  589  592  588  614  621
001POHNPEI 1991 13   612  600  589  598  604  613  639  653  680
001POHNPEI 1991 21   686  687  693  679  661  633  627  636  622  649  672
001POHNPEI 1991 22   671  698  721  732  759  778  787  789  785  773  752
001POHNPEI 1991 23   746  749  760  770  777  806
001POHNPEI 1991 31   826  834  852  812  794  796  791  770  744  741 9999
001POHNPEI 1991 32  9999 9999 9999 9999 9999 9999 9999 9999 9999 9999 9999
001POHNPEI 1991 33  9999 9999 9999 9999 9999 9999 9999 9999 9999
001POHNPEI 1991 41  9999 9999 9999 9999 9999 9999 9999 9999 9999  749  741
001POHNPEI 1991 42   735  733  739  739  728  720  726  718  695  700  693
001POHNPEI 1991 43   677  684  708  703  690  701  691  672
001POHNPEI 1991 51   679  675  672  682  697  708  699  701  685  678  679
001POHNPEI 1991 52   663  641  632  618  613  624  624  635  656  658  662
001POHNPEI 1991 53   673  664  648  639  655  670  646  634  643
001POHNPEI 1991 61   656  654  669  691  693  686  667  659  632  616  617
001POHNPEI 1991 62   602  602  609  607  605  607  614  618  615  608  592
001POHNPEI 1991 63   576  578  567  563  566  565  560  571
001POHNPEI 1991 71   582  591  595  622  616  598  605  603  595  593  601
001POHNPEI 1991 72   610  633  642  634  648  646  628  629  625  610  586
001POHNPEI 1991 73   569  582  590  611  630  631  637  639  628
001POHNPEI 1991 81   619  616  613  614  610  608  619  647  662  679  687
001POHNPEI 1991 82   686  689  664  641  652  650  641  621  621  651  647
001POHNPEI 1991 83   623  653  668  637  643  647  636  637  632
001POHNPEI 1991 91   631  634  619  625  607  613  656  643  621  622  626
001POHNPEI 1991 92   592  577  564  549  547  552  559  556  593  579  577
001POHNPEI 1991 93   585  571  548  541  525  518  507  518
001POHNPEI 1991101   528  534  551  551  550  559  547  553  571  575  581
001POHNPEI 1991102   572  562  574  588  587  586  611  643  643  624  632
001POHNPEI 1991103   634  618  616  603  595  605  623  629  641
001POHNPEI 1991111   639  581  584  593  591  579  552  546  549  538  553
001POHNPEI 1991112   546  541  550  541  544  548  546  533  547  549  539
001POHNPEI 1991113   526  590  633  492  496  521  456  487
001POHNPEI 1991121   481  440  462  440  456  462  451  447  430  454  453
001POHNPEI 1991122   446  451  443  452  440  466  440  433  443  458  478
001POHNPEI 1991123   476  480  494  506  511  506  483  471  473
001POHNPEI 1992 11   482  459  441  436  440  445  447  481  568  493  398
001POHNPEI 1992 12   423  424  420  413  354  376  375  366  407  394  404
001POHNPEI 1992 13   414  421  403  410  443  452  439  430  452
001POHNPEI 1992 21   457  443  477  513  523  537  521  532  553  546  552
001POHNPEI 1992 22   553  553  549  558  585  597  622  648  656  661  655
001POHNPEI 1992 23   648  654  639  654  664  649  651
001POHNPEI 1992 31   642  632  649  653  660  671  661  667  665  634  637
001POHNPEI 1992 32   638  632  652  660  658  654  647  663  659  648  644
001POHNPEI 1992 33   653  655  654  658  662  679  701  694  704
001POHNPEI 1992 41   723  730  743  738  717  707  699  689  702  711  722
001POHNPEI 1992 42   750  752  750  764  749  747  760  749  760  757  742
001POHNPEI 1992 43   743  751  743  743  755  764  755  745
001POHNPEI 1992 51   741  751  765  756  765  777  785  794  788  776  781
001POHNPEI 1992 52   780  762  749  749  751  734  725  730  720  718  734
001POHNPEI 1992 53   737  723  726  723  735  731  733  738  727
001POHNPEI 1992 61   716  688  704  726  750  750  737  755  734  699  701
001POHNPEI 1992 62   680  680  677  674  673  685  686  674  683  703  720
001POHNPEI 1992 63   713  687  671  673  653  634  633  641
001POHNPEI 1992 71   644  668  696  708  706  687  676  678  664  667  680
001POHNPEI 1992 72   676  664  667  676  684  686  693  693  694  696  688
001POHNPEI 1992 73   688  682  688  684  684  695  711  708  725
001POHNPEI 1992 81   732  731  711  698  702  699  719  703  673  685  695
001POHNPEI 1992 82   699  722  708  692  710  701  708  695  673  665  674
001POHNPEI 1992 83   685  657  636  658  673  671  684  694  690
001POHNPEI 1992 91   677  680  691  692  675  675  680  684  670  690  700
001POHNPEI 1992 92   715  725  697  700  713  684  669  655  660  694  701
001POHNPEI 1992 93   703  730  734  726  717  705  699  691
001POHNPEI 1992101   679  668  681  681  699  720  735  743  747  767  749
001POHNPEI 1992102   734  738  731  720  726  714  714  735  758  773  771
001POHNPEI 1992103   770  776  757  749  758  745  744  741  764
001POHNPEI 1992111   760  726  709  740  751  739  740  743  747  764  773
001POHNPEI 1992112   762  742  743  761  747  745  735  752  776  737  713
001POHNPEI 1992113   710  709  715  689  671  669  654  694
001POHNPEI 1992121   690  677  688  709  711  701  718  687  686  680  671
001POHNPEI 1992122   677  696  717  719  698  684  681  678  685  670  648
001POHNPEI 1992123   658  672  623  618  641  643  654  666  666
001POHNPEI 1993 11   645  611  600  627  635  634  644  640  653  663  672
001POHNPEI 1993 12   668  656  665  673  665  660  672  703  722  728  735
001POHNPEI 1993 13   731  745  751  739  734  726  723  698  675
001POHNPEI 1993 21   685  682  675  679  690  727  755  746  752  749  740
001POHNPEI 1993 22   713  697  696  697  690  693  713  701  708  721  710
001POHNPEI 1993 23   716  718  719  701  694  688
001POHNPEI 1993 31   677  707  721  697  718  740  741  754  749  754  758
001POHNPEI 1993 32   767  762  721  726  740  737  732  715  712  719  705
001POHNPEI 1993 33   729  726  719  716  718  742  734  723  729
001POHNPEI 1993 41   732  748  760  765  747  755  760  741  735  731  734
001POHNPEI 1993 42   718  707  721  755  763  775  783  737  718  715  704
001POHNPEI 1993 43   710  721  707  711  705  707  734  732
001POHNPEI 1993 51   736  743  736  733  736  731  733  727  719  716  698
001POHNPEI 1993 52   704  702  696  703  706  688  685  674  661  653  657
001POHNPEI 1993 53   652  666  679  690  693  692  709  722  726
001POHNPEI 1993 61   729  737  748  729  718  722  725  724  707  734  756
001POHNPEI 1993 62   746  760  746  730  740  725  694  681  670  673  679
001POHNPEI 1993 63   692  704  726  733  712  694  678  679
001POHNPEI 1993 71   684  695  696  705  705  696  685  690  700  697  691
001POHNPEI 1993 72   698  695  697  694  679  674  677  696  690  702  712
001POHNPEI 1993 73   706  708  716  719  716  710  684  691  675
001POHNPEI 1993 81   657  667  661  660  652  649  644  656  657  632  618
001POHNPEI 1993 82   633  625  611  618  618  616  622  613  624  627  619
001POHNPEI 1993 83   622  613  617  618  614  622  608  609  624
001POHNPEI 1993 91   619  632  630  629  623  617  639  633  618  627  628
001POHNPEI 1993 92   643  643  638  661  651  635  633  633  644  643  633
001POHNPEI 1993 93   615  619  627  622  616  642  645  639
001POHNPEI 1993101   647  643  633  613  614  619  607  602  627  632  623
001POHNPEI 1993102   644  651  633  633  635  640  660  654  641  645  647
001POHNPEI 1993103   628  627  651  636  637  647  634  635  633
001POHNPEI 1993111   630  632  634  627  634  643  655  669  679  684  656
001POHNPEI 1993112   658  665  650  648  663  643  636  649  646  649  655
001POHNPEI 1993113   687  697  679  665  669  672  655  648
001POHNPEI 1993121   663  671  659  668  669  662  674  665  652  684  675
001POHNPEI 1993122   647  656  651  642  635  649  645  627  617  626  604
001POHNPEI 1993123   599  604  601  596  586  584  610  598  585
001POHNPEI 1994 11   585  592  624  594  576  591  587  577  594  612  606
001POHNPEI 1994 12   620  627  620  623  641  665  672  662  647  659  668
001POHNPEI 1994 13   664  655  673  711  719  728  753  743  743
001POHNPEI 1994 21   732  730  733  733  729  725  725  720  733  738  763
001POHNPEI 1994 22   765  737  735  740  749  763  774  781  766  747  741
001POHNPEI 1994 23   751  765  783  807  814  809
001POHNPEI 1994 31   811  801  797  806  783  761  773  786  803  798  790
001POHNPEI 1994 32   828  818  808  815  789  783  784  788  790  793  801
001POHNPEI 1994 33   802  803  816  824  838  833  829  844  833
001POHNPEI 1994 41   814  809  827  806  805  834  845  832  823  821  810
001POHNPEI 1994 42   801  784  770  773  770  789  798  790  802  803  806
001POHNPEI 1994 43   807  798  804  795  811  820  815  813
001POHNPEI 1994 51   794  800  801  784  782  792  783  768  762  754  739
001POHNPEI 1994 52   729  735  736  721  707  706  709  711  711  713  710
001POHNPEI 1994 53   708  707  715  721  718  717  716  718  735
001POHNPEI 1994 61   735  730  728  726  742  734  714  708  706  711  700
001POHNPEI 1994 62   697  703  708  719  710  710  707  701  703  696  689
001POHNPEI 1994 63   682  679  686  693  685  672  678  686
001POHNPEI 1994 71   668  667  680  677  673  661  669  673  658  657  649
001POHNPEI 1994 72   658  669  660  669  681  681  692  672  674  677  656
001POHNPEI 1994 73   667  672  660  657  638  630  627  624  623
001POHNPEI 1994 81   609  607  588  582  585  583  589  599  608  627  632
001POHNPEI 1994 82   630  635  639  634  614  626  638  611  606  623  631
001POHNPEI 1994 83   632  627  629  621  621  629  634  616  614
001POHNPEI 1994 91   611  602  605  607  623  639  634  642  643  641  641
001POHNPEI 1994 92   657  672  679  652  640  647  643  638  620  633  623
001POHNPEI 1994 93   619  613  615  613  617  625  629  639
001POHNPEI 1994101   650  674  688  677  695  700  686  675  671  667  670
001POHNPEI 1994102   701  700  679  691  695  675  664  667  672  677  664
001POHNPEI 1994103   668  683  679  688  697  696  684  679  703
001POHNPEI 1994111   690  685  693  695  699  673  678  649  639  651  633
001POHNPEI 1994112   655  650  624  622  608  602  585  584  599  584  564
001POHNPEI 1994113   580  586  594  619  617  621  636  627
001POHNPEI 1994121   621  627  622  618  619  622  630  619  637  639  661
001POHNPEI 1994122   671  636  613  606  582  578  592  634  649  573  551
001POHNPEI 1994123   557  529  555  549  527  553  508  508  508
001POHNPEI 1995 11   534  536  490  515  513  522  534  524  536  550  543
001POHNPEI 1995 12   541  567  564  566  582  577  587  597  609  625  644
001POHNPEI 1995 13   644  637  631  635  634  623  646  652  674
001POHNPEI 1995 21   696  702  703  706  704  695  690  689  692  724  725
001POHNPEI 1995 22   724  717  719  726  745  749  732  709  705  720  707
001POHNPEI 1995 23   699  694  702  720  731  742
001POHNPEI 1995 31   755  779  786  769  768  772  755  746  750  741  733
001POHNPEI 1995 32   749  753  755  769  771  757  770  796  770  734  753
001POHNPEI 1995 33   773  775  784  781  801  813  811  819  812
001POHNPEI 1995 41   815  810  799  797  785  775  770  770  763  746  752
001POHNPEI 1995 42   752  740  728  731  721  721  728  727  721  739  751
001POHNPEI 1995 43   754  758  774  792  791  787  779  769
001POHNPEI 1995 51   764  745  733  726  727  729  732  745  765  773  771
001POHNPEI 1995 52   776  768  762  758  742  729  727  754  756  749  752
001POHNPEI 1995 53   752  775  769  745  745  744  758  755  737
001POHNPEI 1995 61   730  733  719  721  722  725  721  718  732  740  752
001POHNPEI 1995 62   739  732  756  759  764  775  753  744  746  754  746
001POHNPEI 1995 63   748  740  725  733  725  693  696  700
001POHNPEI 1995 71   713  734  738  733  724  720  698  675  690  675  680
001POHNPEI 1995 72   701  683  686  697  678  675  672  657  637  639  667
001POHNPEI 1995 73   657  642  661  679  660  676  720  749  738
001POHNPEI 1995 81   722  738  708  703  701  682  687  681  685  695  711
001POHNPEI 1995 82   717  720  719  727  716  714  712  712  721  733  745
001POHNPEI 1995 83   733  719  751  757  758  769 9999 9999 9999
001POHNPEI 1995 91   795  758  753  787  771  764  750  761  797  776  775
001POHNPEI 1995 92   783  769  778  787  790  778  786  795  810  810  815
001POHNPEI 1995 93   827  818  842  857  846  835  838  868
001POHNPEI 1995101   870  858  874  873  866  897  895  886  886  874  848
001POHNPEI 1995102   843  865  889  882  858  863  866  858  881  863  852
001POHNPEI 1995103   856  832  842  820  810  833  811  803  801
001POHNPEI 1995111   770  781  777  732  714  706  711  702  701  718  713
001POHNPEI 1995112   714  719  713  714  708  711  728  726  738  740  741
001POHNPEI 1995113   747  736  750  772  762  776  789  781
001POHNPEI 1995121   782  782  799  816  794  780  788  797  793  784  781
001POHNPEI 1995122   800  813  804  806  795  782  774  781  777  763  770
001POHNPEI 1995123   782  773  780  791  788  800  781  752  757
001POHNPEI 1996 11   733  715  731  733  742  749  746  748  760  747  754
001POHNPEI 1996 12   739  728  733  734  724  738  742  735  750  760  765
001POHNPEI 1996 13   753  747  765  738  732  748  730  715  743
001POHNPEI 1996 21   730  736  770  790  809  815  817  825  829  815  832
001POHNPEI 1996 22   830  818  840  854  827  833  859  843  866  896  872
001POHNPEI 1996 23   846  842  853  844  827  831  863
001POHNPEI 1996 31   859  853  857  861  862  860  854  844  841  861  886
001POHNPEI 1996 32   848  839  862  869  889  893  878  889  899  903  893
001POHNPEI 1996 33   874  869  875  864  864  868  869  863  836
001POHNPEI 1996 41   840  847  825  808  815  819  795  774  791  795  790
001POHNPEI 1996 42   786  787  773  777  804  795  784  784  778  784  794
001POHNPEI 1996 43   803  802  816  813  807  809  806  821
001POHNPEI 1996 51   813  817  822  816  820  816  813  818  816  827  823
001POHNPEI 1996 52   807  821  845  850  829  816  818  815  794  773  774
001POHNPEI 1996 53   773  761  756  759  768  775  785  778  768
001POHNPEI 1996 61   788  802  791  797  813  817  823  813  805  809  805
001POHNPEI 1996 62   805  807  786  771  778  794  798  798  772  751  747
001POHNPEI 1996 63   740  724  713  709  714  706  703  703
001POHNPEI 1996 71   722  744  737  722  737  745  742  747  734  723  732
001POHNPEI 1996 72   725  718  710  719  735  752  762  753  745  731  740
001POHNPEI 1996 73   758  754  751  759  769  771  777  777  770
001POHNPEI 1996 81   764  762  768  760  760  773  762  744  755  766  748
001POHNPEI 1996 82   747  748  750  758  773  766  766  772  749  754  755
001POHNPEI 1996 83   752  771  769  774  788  786  794  798  804
001POHNPEI 1996 91   814  812  812  821  817  807  816  836  829  840  868
001POHNPEI 1996 92   860  839  842  848  859  850  860  865  844  836  839
001POHNPEI 1996 93   843  851  847  855  882  866  839  827
001POHNPEI 1996101   837  832  820  835  829  810  804  794  795  795  790
001POHNPEI 1996102   774  800  781  780  801  792  791  827  825  809  832
001POHNPEI 1996103   833  849  844  823  848  852  835  836  844
001POHNPEI 1996111   867  892  901  927  925  903  917  915  874  880  864
001POHNPEI 1996112   847  860  873  854  853  867  860  834  850  857  835
001POHNPEI 1996113   820  838  844  824  836  826  827  826
001POHNPEI 1996121   817  819  835  842  868  878  863  853  862  861  837
001POHNPEI 1996122   851  866  838  837  829  830  824  828  842  827  814
001POHNPEI 1996123   808  796  780  777  764  760  787  775  773
001POHNPEI 1997 11   783  801  792  789  787  771  740  744  763  766  780
001POHNPEI 1997 12   779  779  776  761  754  738  726  740  725  727  722
001POHNPEI 1997 13   704  730  748  745  742  731  749  756  748
001POHNPEI 1997 21   746  752  756  760  760  760  774  780  784  768  791
001POHNPEI 1997 22   778  771  782  768  788  800  791  822  840  823  821
001POHNPEI 1997 23   858  876  873  869  852  862
001POHNPEI 1997 31   870  843  833  847  869  924  942  944  930  929  935
001POHNPEI 1997 32   930  907  892  886  872  858  848  845  825  796  797
001POHNPEI 1997 33   787  786  797  793  784  783  787  793  810
001POHNPEI 1997 41   826  820  834  852  849  850  854  847  835  823  876
001POHNPEI 1997 42   899  782  700  700  695  665  675  675  705  733  667
001POHNPEI 1997 43   658  657  665  679  685  684  709  720
001POHNPEI 1997 51   709  712  720  714  720  694  673  678  682  679  671
001POHNPEI 1997 52   669  669  679  686  701  704  702  710  700  690  682
001POHNPEI 1997 53   657  673  665  657  681  684  670  648  642
001POHNPEI 1997 61   641  636  624  611  623  624  613  600  580  601  600
001POHNPEI 1997 62   568  555  560  578  565  556  560  544  533  547  570
001POHNPEI 1997 63   581  573  559  566  579  577  562  562
001POHNPEI 1997 71   555  550  550  547  551  556  546  554  569  561  546
001POHNPEI 1997 72   552  555  537  544  560  547  537  541  556  546  551
001POHNPEI 1997 73   553  542  556  564  564  568  550  533  548
001POHNPEI 1997 81   541  535  532  530  534  542  547  546  536  554  533
001POHNPEI 1997 82   533  576  561  552  569  565  560  565  582  593  589
001POHNPEI 1997 83   581  568  566  562  568  564  557  552  542
001POHNPEI 1997 91   527  541  544  516  519  530  546  562  542  553  554
001POHNPEI 1997 92   547  554  542  534  544  539  537  546  533  495  502
001POHNPEI 1997 93   533  528  495  494  492  517  515  499
001POHNPEI 1997101   528  515  515  505  499  504  469  456  457  493  514
001POHNPEI 1997102   513  523  539  548  547  542  525  507  506  517  520
001POHNPEI 1997103   521  520  526  525  523  520  524  589  564
001POHNPEI 1997111   446  448  448  439  459  418  409  437  413  450  447
001POHNPEI 1997112   462  481  446  472  462  459  441  433  439  427  437
001POHNPEI 1997113   444  463  436  426  443  436  436  423
001POHNPEI 1997121   415  428  441  435  443  439  430  454  433  402  415
001POHNPEI 1997122   409  408  400  374  373  366  366  355  358  379  389
001POHNPEI 1997123   385  419  402  428  418  422  427  433  444
001POHNPEI 1998 11   425  451  454  470  465  474  499  500  470  467  492
001POHNPEI 1998 12   487  487  506  491  493  521  533  512  494  484  485
001POHNPEI 1998 13   504  487  477  502  502  481  514  522  507
001POHNPEI 1998 21   516  505  509  539  548  539  544  569  554  558  578
001POHNPEI 1998 22   558  555  555  559  568  579  577  573  590  589  592
001POHNPEI 1998 23   597  619  618  602  611  627
001POHNPEI 1998 31   660  658  656  638  636  651  642  631  643  653  655
001POHNPEI 1998 32   655  657  678  683  682  705  713  711  704  704  720
001POHNPEI 1998 33   727  757  786  788  787  788  806  831  824
001POHNPEI 1998 41   828  816  822  840  834  828  842  856  859  876  880
001POHNPEI 1998 42   876  878  886  864  854  854  848  844  839  835  834
001POHNPEI 1998 43   834  831  843  832  818  820  822  842
001POHNPEI 1998 51   849  824 9999 9999  848  855  849  839  829  843  846
001POHNPEI 1998 52   823  833  843  857  871  853  839  841  822  809  797
001POHNPEI 1998 53   800  799  797  791  777  784  807  806  800
001POHNPEI 1998 61   797  802  816  813  819  837  818  805  821  831  833
001POHNPEI 1998 62   837  838  847  861  881  889  888  891  893  891  887
001POHNPEI 1998 63   880  862  840  831  834  828  809  801
001POHNPEI 1998 71   796  783  783  789  787  789  807  814  821  812  805
001POHNPEI 1998 72   818  831  850  847  848  862  837  850  858  844  856
001POHNPEI 1998 73   861  857  846  843  845  851  873  876  860
001POHNPEI 1998 81   868 9999 9999  867  859  836  833  839  841  832  823
001POHNPEI 1998 82   810  824  833  802  783  785  786  779  769  762  765
001POHNPEI 1998 83   770  784  804  789  771  741  744  760  747
001POHNPEI 1998 91   740  735  755  783  778  773  802  828  826  807  819
001POHNPEI 1998 92   821  799  794  806  805  798  797  821  819  818  823
001POHNPEI 1998 93   816  828  855  855  844  866  885  874
001POHNPEI 1998101   845  854  878  891  887  885  885  878  881  851  831
001POHNPEI 1998102   826  818  834  837  832  836  831  823  814  803  802
001POHNPEI 1998103   814  815  841  843  831  860  843  837  879
001POHNPEI 1998111   877  848  839  878  879  844  856  874  856  839  852
001POHNPEI 1998112   874  865  849  857  871  849  831  841  836  814  807
001POHNPEI 1998113   818  825  834  852  899  900  889  916
001POHNPEI 1998121   941  929  934  930  911  908  892  895  892  875  872
001POHNPEI 1998122   836  811  820  820  799  774  772  776  781  800  802
001POHNPEI 1998123   797  809  811  805  794  780  809  824  795
001POHNPEI 1999 11   797  808  815  805  797  804  788  783  785  778  769
001POHNPEI 1999 12   769  772  785  783  755  774  797  789  814  835  822
001POHNPEI 1999 13   846  843  820  824  819  801  813  808  803
001POHNPEI 1999 21   820  823  824  806  801  815  818  813  799  778  779
001POHNPEI 1999 22   770  762  766  770  763  778  771  755  754  769  777
001POHNPEI 1999 23   766  765  771  761  760  761
001POHNPEI 1999 31   776  761  763  779  769  779  781  779  787  791  777
001POHNPEI 1999 32   792  803  819  838  850  864  884  898  913  919  915
001POHNPEI 1999 33   928  943  947  939  938  943  931  915  907
001POHNPEI 1999 41   911  911  899  887  898  872  837  843  861  850  842
001POHNPEI 1999 42   854  875  868  878  893  889  890  902  884  870  863
001POHNPEI 1999 43   880  886  870  856  856  873  873  867
001POHNPEI 1999 51   876  879  878  868  840  829  845  851  845  852  855
001POHNPEI 1999 52   851  859  873  877  862  859  871  858  857  870  867
001POHNPEI 1999 53   861  864  856  828  811  811  808  802  805
001POHNPEI 1999 61   796  786  792  797  793  796  813  814  813  815  814
001POHNPEI 1999 62   816  822  805  789  777  786  794  785  793  790  776
001POHNPEI 1999 63   780  760  761  768  747  762  783  772
001POHNPEI 1999 71   765  776  792  783  779  778  772  774  771  763  757
001POHNPEI 1999 72   749  732  740  748  736  744  768  767  757  770  776
001POHNPEI 1999 73   773  759  756  766  769  750  748  753  751
001POHNPEI 1999 81   770  787  790  783  788  788  775  774  795  776  770
001POHNPEI 1999 82   798  805  793  773  773  771  764  738  743  767  756
001POHNPEI 1999 83   742  753  778  792  786  795  800  784  788
001POHNPEI 1999 91   795  786  785  770  770  787  783  800  800  795  788
001POHNPEI 1999 92   792  802  799  790  785  787  790  780  756  764  784
001POHNPEI 1999 93   803  803  822  837  830  826  830  828
001POHNPEI 1999101   810  803  826  831  827  838  846  851  848  851  852
001POHNPEI 1999102   837  845  859  854  859  863  862  861  859  873  890
001POHNPEI 1999103   896  898  898  921  931  940  934  922  940
001POHNPEI 1999111   950  948  956  971  977  960  938  934  919  910  916
001POHNPEI 1999112   908  917  938  939  945  976  987  981  991  982  976
001POHNPEI 1999113   975  985  984  960  950  936  934  943
001POHNPEI 1999121   930  919  924  938  938  907  907  905  887  884  894
001POHNPEI 1999122   900  880  882  878  887  903  902  889  906  900  877
001POHNPEI 1999123   896  887  865  882  898  894  879  881  892
001POHNPEI 2000 11   870  864  863  861  859  854  863  872  870  888  884
001POHNPEI 2000 12   873  885  881  877  871  883  863  838  826  819  834
001POHNPEI 2000 13   834  843  844  851  856  832  813  810  797
001POHNPEI 2000 21   794  822  782  754  795  828  815  830  843  833  840
001POHNPEI 2000 22   854  854  815  821  836  830  847  848  864  880  870
001POHNPEI 2000 23   863  866  861  856  862  863  866
001POHNPEI 2000 31   850  875  872  843  869  871  866  887  884  870  887
001POHNPEI 2000 32   908  907  908  929  952  957  947  946  935  915  928
001POHNPEI 2000 33   937  913  903  912  914  876  868  904  898
001POHNPEI 2000 41   887  907  926  936  927  915  911  911  899  887  883
001POHNPEI 2000 42   896  895  905  898  901  895  879  885  882  871  871
001POHNPEI 2000 43   874  868  867  857  846  876  887  889
001POHNPEI 2000 51   914  911  919  933  911  912  910  895  906  910  905
001POHNPEI 2000 52   901  905  894  896  899  888  875  876  854  845  854
001POHNPEI 2000 53   859  861  869  879  867  886  908  901  905
001POHNPEI 2000 61   908  896  897  886  889  903  906  919  914  909  919
001POHNPEI 2000 62   915  891  876  869  864  849  832  827  830  852  860
001POHNPEI 2000 63   866  876  878  886  887  883  892  890
001POHNPEI 2000 71   881  889  901  899  899  896  896  893  880  866  854
001POHNPEI 2000 72   852  834  818  812  811  810  815  820  823  822  823
001POHNPEI 2000 73   834  826  806  791  790  783  780  780  787
001POHNPEI 2000 81   796  809  823  814  808  792  784  787  784  773  776
001POHNPEI 2000 82   784  769  757  774  772  780  788  781  798  777  776
001POHNPEI 2000 83   787  781  768  761  768  773  773  805  785
001POHNPEI 2000 91   760  772  762  745  762  750  734  736  741  735  734
001POHNPEI 2000 92   744  755  751  756  755  749  763  762  753  761  752
001POHNPEI 2000 93   753  767  774  771  791  790  783  792
001POHNPEI 2000101   800  803  809  807  814  809  812  830  822  828  845
001POHNPEI 2000102   856  856  876  852  850  846  848  856  861  872  863
001POHNPEI 2000103   851  859  858  860  849  868  863  827  840
001POHNPEI 2000111   845  836  829  825  852  855  845  878  900  887  878
001POHNPEI 2000112   876  891  909  900  903  905  914  925  922  932  945
001POHNPEI 2000113   945  964  948  939  958  971  943  949
001POHNPEI 2000121   962  971  994  996  991  986  969  972  961  934  927
001POHNPEI 2000122   912  909  924  908  917  927  915  912  900  894  891
001POHNPEI 2000123   889  886  866  866  873  868  871  876  882
001POHNPEI 2001 11   855  876  883  879  904  884  875  895  898  898  890
001POHNPEI 2001 12   876  909  887  853  852  847  844  820  819  826  801
001POHNPEI 2001 13   800  807  787  801  815  813  831  840  831
001POHNPEI 2001 21   838 9999 9999 9999  836  851  859  847  874  872  862
001POHNPEI 2001 22   881  863  846  830  801  805  822  813  829  828  835
001POHNPEI 2001 23   853  863  879  886  872  859
001POHNPEI 2001 31   852  844  846  835  818  829  853  856  860  868  876
001POHNPEI 2001 32   865  851  833  818  822  838  829  807  816  840  834
001POHNPEI 2001 33   833  841  860  877  867  873  876  856  856
001POHNPEI 2001 41   845  835  849  853  848  868  870  880  885  882  878
001POHNPEI 2001 42   884  890  875  860  870  885  888  897  910  919  930
001POHNPEI 2001 43   937  920  905  917  918  906  912  923
001POHNPEI 2001 51   912  881  884  907  893  881  879  883  865  861  866
001POHNPEI 2001 52   840  837  834  834  842  847  841  849  846  851  854
001POHNPEI 2001 53   847  843  840  834  848  858  860  863  858
001POHNPEI 2001 61   856  857  870  866  836  834  833  824  821  827  831
001POHNPEI 2001 62   844  860  872  880  869  871  888  884  887  882  858
001POHNPEI 2001 63   849  855  856  864  852  833  818  808
001POHNPEI 2001 71   809  778  761  793  789  760  768  777  780  792  781
001POHNPEI 2001 72   775  788  793  780  777  780  781  769  765  789  778
001POHNPEI 2001 73   788  804  771  778  783  786  777  761  750
001POHNPEI 2001 81   741  769  752  731  743  754  765  759  758  769  771
001POHNPEI 2001 82   773  777  757  744  737  725  735  718  694  712  708
001POHNPEI 2001 83   710  717  733  700  713  696  710  727  728
001POHNPEI 2001 91   726  736  757  761  771  779  763  748  758  766  755
001POHNPEI 2001 92   743  769  787  777  773  803  815  814  808  812  793
001POHNPEI 2001 93   782  795  801  803  807  805  808  821
001POHNPEI 2001101   833  824  817  816  804  789  782  787  789  777  765
001POHNPEI 2001102   770  781  796  784  774  796  784  768  746  715  730
001POHNPEI 2001103   726  720  733  733  743  755  769  790  818
001POHNPEI 2001111   812  819  815  829  822  814  814  825  828  820  813
001POHNPEI 2001112   807  811  794  781  770  796  801  770  776  794  811
001POHNPEI 2001113   823  827  813  813  809  818  840  839
001POHNPEI 2001121   833  816  810  807  784  780  797  788  801  811  814
001POHNPEI 2001122   776  710  690  703  702  693  679  680  696  676  640
001POHNPEI 2001123   618  608  624  626  615  606  615  621  636
001POHNPEI 2002 11   642  674  687  700  718  709  731  732  716  725  715
001POHNPEI 2002 12   688  712  725  728  768  781  793  805  790  808  827
001POHNPEI 2002 13   808  805  804  807  800  803  812  822  841
001POHNPEI 2002 21   838  807  780  784  810  786  776  782  780  770  777
001POHNPEI 2002 22   780  756  762  790  802  781  758  763  779  770  758
001POHNPEI 2002 23   754  758  786  822  793  761
001POHNPEI 2002 31   780  788  782  763  749  752  737  732  738  746  744
001POHNPEI 2002 32   749  763  755  751  748  744  747  745  748  757  744
001POHNPEI 2002 33   740  764  788  800  822  842  831  821  829
001POHNPEI 2002 41   809  802  800  796  791  786  779  783  794  801  810
001POHNPEI 2002 42   811  825  835  818  790  778  774  758  764  775  769
001POHNPEI 2002 43   777  794  807  804  803  793  770  744
001POHNPEI 2002 51   754  760  736  742  753  756  788  784  780  782  777
001POHNPEI 2002 52   765  746  740  737  733  732  720  718  721  721  720
001POHNPEI 2002 53   719  713  709  698  685  665  662  670  679
001POHNPEI 2002 61   690  689  672  686  701  694  691  685  693  693  686
001POHNPEI 2002 62   709  712  712  731  752  773  771  781  777  760  763
001POHNPEI 2002 63   769  757  752  758  763  799  810  767
001POHNPEI 2002 71   745  750  723  726  741  716  702  689  672  660  691
001POHNPEI 2002 72   684  695  701  719  732  726  723  719  717  720  696
001POHNPEI 2002 73   676  698  700  693  700  702  700  697  702
001POHNPEI 2002 81   696  677  664  673  670  676  682  684  704  715  741
001POHNPEI 2002 82   759  743  717  713  719  688  674  691  678  685  680
001POHNPEI 2002 83   701  706  675  684  697  702  683  662  680
001POHNPEI 2002 91   696  661  659  669  685  698  683  686  693  678  665
001POHNPEI 2002 92   660  650  656  630  610  621  632  622  612  623  639
001POHNPEI 2002 93   626  617  624  617  607  604  609  612
001POHNPEI 2002101   604  631  645  640  658  685  698  679  630  585  558
001POHNPEI 2002102   543  585  585  546  552  582  615  609  608  625  609
001POHNPEI 2002103   607  586  584  581  559  578  608  607  615
001POHNPEI 2002111   630  630  642  645  639  642  632  634  634  634  654
001POHNPEI 2002112   659  666  674  676  669  689  712  680  645  666  660
001POHNPEI 2002113   637  663  647  658  681  681  691  707
001POHNPEI 2002121   715  689  703  744  659  589  624  581  560  612  577
001POHNPEI 2002122   576  575  565  581  579  589  592  571  579  593  600
001POHNPEI 2002123   622  642  617  626  652  652  644  639  671
001POHNPEI 2003 11   675  650  662  684  694  728  709  705  698  693  709
001POHNPEI 2003 12   718  719  680  683  675  647  647  649  659  657  638
001POHNPEI 2003 13   651  659  667  672  654  661  678  690  727
001POHNPEI 2003 21   753  727  726  747  743  737  714  700  704  697  717
001POHNPEI 2003 22   711  712  725  731  765  784  804  825  830  826  821
001POHNPEI 2003 23   820  838  849  826  835  832
001POHNPEI 2003 31   851  865  852  862  866  862  861  839  833  816  808
001POHNPEI 2003 32   800  788  784  782  807  837  868  864  858  865  853
001POHNPEI 2003 33   837  855  852  863  873  889  908  918  925
001POHNPEI 2003 41   934  927  923  919  904  904  891  890  906  906  862
001POHNPEI 2003 42   857  892  909  908  882  870  868  860  853  844  824
001POHNPEI 2003 43   813  824  812  817  805  819  840  819
001POHNPEI 2003 51   828  814  799  805  788  770  787  804  808  840  854
001POHNPEI 2003 52   869  881  871  867  867  850  838  817  806  832  837
001POHNPEI 2003 53   837  851  852  857  847  838  827  821  804
001POHNPEI 2003 61   788  782  774  787  797  805  788  784  795  795  778
001POHNPEI 2003 62   759  751  748  744  736  741  749  760  778  784  786
001POHNPEI 2003 63   782  782  775  757  748  752  749  715
001POHNPEI 2003 71   741  747  750  758  791  795  781  793  801  773  766
001POHNPEI 2003 72   778  773  767  771  775  787  779  776  783  775  763
001POHNPEI 2003 73   757  755  748  728  714  715  723  735  740
001POHNPEI 2003 81   734  750  766  749  745  755  764  748  730  731  744
001POHNPEI 2003 82   749  765  765  773  773  766  765  773  760  747  745
001POHNPEI 2003 83   735  747  756  773  788  784  804  816  809
001POHNPEI 2003 91   799  794  783  757  759  765  756  753  780  769  763
001POHNPEI 2003 92   775  759  769  771  755  746  732  743  743  727  708
001POHNPEI 2003 93   723  744  764  766  772  760  746  737
001POHNPEI 2003101   713  686  682  702  697  720  748  742  749  743  726
001POHNPEI 2003102   706  699  684  666  687  695  692  693  706  730  734
001POHNPEI 2003103   730  721  729  743  743  700  701  714  695
001POHNPEI 2003111   710  709  711  707  704  696  700  706  696  708  693
001POHNPEI 2003112   678  690  692  683  685  707  731  734  739  710  680
001POHNPEI 2003113   691  682  667  673  657  660  695  681
001POHNPEI 2003121   683  694  700  700  687  685  690  654  634  658  649
001POHNPEI 2003122   648  656  675  688  713  714  701  692  699  703  708
001POHNPEI 2003123   691  659  669  697  698  681  693  716  712
001POHNPEI 2004 11   715  707  683  686  673  639  632  628  631  670  686
001POHNPEI 2004 12   668  678  684  671  678  650  648  675  671  680  682
001POHNPEI 2004 13   682  694  702  724  731  745  746  742  737
001POHNPEI 2004 21   728  740  740  760  785  809  816  797  819  825  834
001POHNPEI 2004 22   833  812  823  842  825  802  810  836  823  821  853
001POHNPEI 2004 23   865  865  870  866  858  860  839
001POHNPEI 2004 31   817  841  851  837  851  862  852  852  873  869  869
001POHNPEI 2004 32   880  862  857  866  860  860  862  870  890  899  892
001POHNPEI 2004 33   875  880  894  852  828  819  815  818  815
001POHNPEI 2004 41   831  817  821  831  816  814  818  787  768  781  775
001POHNPEI 2004 42   778  801  824  821  815  824  839  843  819  822  830
001POHNPEI 2004 43   826  807  802  809  807  817  823  849
001POHNPEI 2004 51   868  894  897  902  906  850  826  833  818  820  843
001POHNPEI 2004 52   838  822  816  816  820  802  800  796  784  791  799
001POHNPEI 2004 53   774  777  797  806  822  822  817  829  848
001POHNPEI 2004 61   859  842  815  807  808  797  809  825  825  826  821
001POHNPEI 2004 62   802  805  805  796  787  777  774  780  783  779  778
001POHNPEI 2004 63   794  814  827  812  780  782  785  763
001POHNPEI 2004 71   739  747  763  769  770  780  782  776  773  781  768
001POHNPEI 2004 72   759  770  765  750  747  749  750  754  760  764  770
001POHNPEI 2004 73   774  766  777  770  752  754  767  760  764
001POHNPEI 2004 81   788  806  820  814  795  788  786  771  767  771  743
001POHNPEI 2004 82   730  718  720  751  742  721  720  727  742  747  729
001POHNPEI 2004 83   720  712  716  717  726  748  764  752  757
001POHNPEI 2004 91   762  762  753  732  734  732  720  742  742  757  771
001POHNPEI 2004 92   778  757  777  791  768  761  750  745  726  718  734
001POHNPEI 2004 93   745  742  760  780  791  804  808  813
001POHNPEI 2004101   785  782  775  763  770  764  773  790  779  781  792
001POHNPEI 2004102   811  821  797  806  796  764  767  737  743  775  766
001POHNPEI 2004103   773  781  773  787  790  806  796  770  765
001POHNPEI 2004111   763  772  764  762  776  793  811  820  830  825  807
001POHNPEI 2004112   794  788  797  804  783  789  795  797  816  823  826
001POHNPEI 2004113   818  798  782  754  743  696  711  745
001POHNPEI 2004121   730  716  743  764  767  784  789  767  752  738  731
001POHNPEI 2004122   714  699  726  731  742  731  728  740  723  716  708
001POHNPEI 2004123   700  687  689  703  701  696  696  693  710
001POHNPEI 2005 11   722  736  751  735  756  765  743  767  786  772  764
001POHNPEI 2005 12   756  788  807  809  797  784  763  752  743  734  718
001POHNPEI 2005 13   729  744  761  744  751  772  765  779  789
001POHNPEI 2005 21   804  785  757  733  719  690  690  722  715  725  734
001POHNPEI 2005 22   752  763  760  747  736  722  722  741  732  738  747
001POHNPEI 2005 23   766  778  777  783  782  772
001POHNPEI 2005 31   757  768  755  714  721  725  742  772  780  791  800
001POHNPEI 2005 32   790  794  783  737  725  730  724  745  753  758  776
001POHNPEI 2005 33   784  790  793  808  810  818  826  814  809
001POHNPEI 2005 41   814  806  817  839  853  861  872  876  866  866  858
001POHNPEI 2005 42   831  820  816  809  828  832  836  844  834  833  843
001POHNPEI 2005 43   832  818  812  805  784  783  809  810
001POHNPEI 2005 51   812  831  837  846  865  868  856  859  827  825  810
001POHNPEI 2005 52   798  805  807  809  812  820  826  819  817  830  827
001POHNPEI 2005 53   813  809  817  811  799  812  817  808  822
001POHNPEI 2005 61   835  834  824  824  835  830  814  809  814  831  839
001POHNPEI 2005 62   836  849  851  843  843  833  838  832  815  816  809
001POHNPEI 2005 63   804  810  815  824  822  828  830  817
001POHNPEI 2005 71   809  809  799  777  777  766  764  773  776  789  785
001POHNPEI 2005 72   776  786  795  794  805  809  799  795  789  799  812
001POHNPEI 2005 73   811  832  835  822  826  816  797  789  793
001POHNPEI 2005 81   763  747  765  759  753  758  761  764  753  748  731
001POHNPEI 2005 82   732  710  695  710  723  701  705  737  737  745  751
001POHNPEI 2005 83   737  733  734  730  747  741  735  722  727
001POHNPEI 2005 91   747  738  745  774  768  777  773  752  757  737  716
001POHNPEI 2005 92   753  738  731  737  756  764  749  757  768  772  752
001POHNPEI 2005 93   727  737  757  734  717  721  731  741
001POHNPEI 2005101   741  747  782  769  761  761  758  746  741  747  764
001POHNPEI 2005102   769  802  826  814  820  817  811  790  773  774  785
001POHNPEI 2005103   778  784  790  796  807  828  833  808  806
001POHNPEI 2005111   812  788  780  770  752  758  768  767  769  815  834
001POHNPEI 2005112   814  812  818  796  801  782  752  757  740  744  742
001POHNPEI 2005113   757  762  781  803  781  774  758  733
001POHNPEI 2005121   736  713  707  703  712  741  750  759  777  768  769
001POHNPEI 2005122   760  746  735  724  717  741  749  752  755  782  776
001POHNPEI 2005123   781  796  806  791  785  791  777  771  783
001POHNPEI 2006 11   819  805  816  826  830  835  821  831  830  795  798
001POHNPEI 2006 12   796  776  777  807  835  826  856  876  860  844  838
001POHNPEI 2006 13   824  797  782  810  831  817  817  810  832
001POHNPEI 2006 21   856  842  850  850  833  833  839  824  831  846  828
001POHNPEI 2006 22   851  866  876  871  857  864  873  873  877  866  862
001POHNPEI 2006 23   873  882  882  897  909  924
001POHNPEI 2006 31   950  933  925  888  855  838  837  857  867  857  849
001POHNPEI 2006 32   858  867  865  861  866  870  875  876  869  856  849
001POHNPEI 2006 33   851  854  847  851  863  884  893  890  872
001POHNPEI 2006 41   870  872  864  862  844  845  876  881  883  891  907
001POHNPEI 2006 42   929  942  923  903  883  875  891  882  875  889  888
001POHNPEI 2006 43   874  880  886  875  846  844  838  813
001POHNPEI 2006 51   789  777  787  807  809  810  814  841  848  842  831
001POHNPEI 2006 52   812  804  800  791  789  782  794  809  825  828  812
001POHNPEI 2006 53   819  830  819  797  772  754  763  762  753
001POHNPEI 2006 61   763  760  773  784  789  781  786  777  758  751  748
001POHNPEI 2006 62   744  737  741  746  739  740  762  754  749  752  737
001POHNPEI 2006 63   731  727  725  724  717  726  737  747
001POHNPEI 2006 71   742  740  737  728  744  730  697  700  707  701  694
001POHNPEI 2006 72   712  741  729  728  730  715  699  691  689  656  642
001POHNPEI 2006 73   666  661  657  669  702  716  718  724  719
001POHNPEI 2006 81   722  732  728  713  702  704  708  719  713  703  708
001POHNPEI 2006 82   720  703  707  696  692  681  675  661  641  640  658
001POHNPEI 2006 83   658  637  652  667  659  671 9999 9999  672
001POHNPEI 2006 91   683  672  676  683  697  726  733  738  729  720  729
001POHNPEI 2006 92   723  709  681  673  696  687  692  718  723  727  731
001POHNPEI 2006 93   754  748  736  751  756  745  727  717
001POHNPEI 2006101   728  724  704  737  755  762  783  752  707  693  688
001POHNPEI 2006102   678  667  665  663  658  651  692  702  696  692  714
001POHNPEI 2006103   706  689  688  687  675  683  693  706  712
001POHNPEI 2006111   731  765  774  759  733  695  688  698  679  687  697
001POHNPEI 2006112   682  696  717  730  743  743  732  706  702  703  697
001POHNPEI 2006113   697  684  701  728  743  748  750  754
001POHNPEI 2006121   777  757  745  729  690  707  724  712  716  733  725
001POHNPEI 2006122   722  713  735  727  703  697  674  659  663  650  654
001POHNPEI 2006123   659  660  681  682  703  703  707  710  698
001POHNPEI 2007 11   714  731  710  744  771  741  742  761  747  736  748
001POHNPEI 2007 12   768  770  752  743  732  727  710  741  747  734  771
001POHNPEI 2007 13   790  786  777  760  758  730  722  754  738
001POHNPEI 2007 21   743  751  751  754  740  751  761  734  738  751  727
001POHNPEI 2007 22   729  724  719  716  762  802  805  831  828  809  818
001POHNPEI 2007 23   819  828  827  828  852  876
001POHNPEI 2007 31   865  858  869  913  926  886  866  871  861  857  854
001POHNPEI 2007 32   856  853  864  878  891  905  921  916  926  918  900
001POHNPEI 2007 33   887  878  883  871  871  879  884  915  896
001POHNPEI 2007 41   853  857  839  823  824  814  816  826  822  853  873
001POHNPEI 2007 42   866  878  886  899  886  889  899  871  865  878  863
001POHNPEI 2007 43   873  896  904  903  909  930  935  936
001POHNPEI 2007 51   921  927  942  940  937  943  956  944  969  983  972
001POHNPEI 2007 52   965  960  954  958  940  920  921  917  906  916  906
001POHNPEI 2007 53   906  917  922  899  888  891  872  854  857
001POHNPEI 2007 61   857  842  833  832  842  845  868  892  905  908  896
001POHNPEI 2007 62   899  908  892  888  887  891  890  873  881  886  880
001POHNPEI 2007 63   853  852  845  820  826  832  809  805
001POHNPEI 2007 71   832  848  851  864  877  898  902  884  884  863  847
001POHNPEI 2007 72   847  835  822  827  843  845  854  856  841  839  849
001POHNPEI 2007 73   843  830  843  846  830  831  839  831  845
001POHNPEI 2007 81   870  860  873  869  846  840  831  825  823  820  819
001POHNPEI 2007 82   833  851  855  860  863  879  863  850  843  822  827
001POHNPEI 2007 83   821  811  814  814  830  848  836  836  838
001POHNPEI 2007 91   841  826  811  829  836  816  825  841  837  830  840
001POHNPEI 2007 92   844  845  836  838  838  817  801  799  805  805  809
001POHNPEI 2007 93   853  868  859  875  879  886  883  853
001POHNPEI 2007101   860  849  827  854  864  853  852  873  882  875  869
001POHNPEI 2007102   851  847  853  838  840  846  867  884  893  906  932
001POHNPEI 2007103   962  973  979  977  963  973  962  953  970
001POHNPEI 2007111   988  991  995  994  967  962 1018  996  964  988  995
001POHNPEI 2007112   970  956  962  951  953  992  986  975  961  963  968
001POHNPEI 2007113   965  954  924  921  928  923  903  875
001POHNPEI 2007121   881  890  888  916  920  910  896  889  880  869  878
001POHNPEI 2007122   891  885  868  884  893  895  920  908  895  896  885
001POHNPEI 2007123   873  881  873  883  892  912  905  899  903
001POHNPEI 2008 11   898  905  902  892  873  860  859  856  872  878  880
001POHNPEI 2008 12   890  914  917  896  891  880  881  877  859  874  882
001POHNPEI 2008 13   892  888  880  883  871  901  895  867  865
001POHNPEI 2008 21   880  876  861  862  861  869  886  882  872  885  887
001POHNPEI 2008 22   880  866  838  838  831  818  819  847  879  891  889
001POHNPEI 2008 23   873  878  880  866  857  855  855
001POHNPEI 2008 31   840  841  853  869  881  888  891  907  907  892  886
001POHNPEI 2008 32   878  859  855  847  835  848  875  876  882  901  903
001POHNPEI 2008 33   874  858  853  857  857  828  834  850  864
001POHNPEI 2008 41   854  856  877  907  910  887  878  853  843  855  855
001POHNPEI 2008 42   853  864  876  877  863  841  839  845  832  821  805
001POHNPEI 2008 43   802  813  819  801  796  822  846  860
001POHNPEI 2008 51   874  873  875  877  873  859  856  861  855  869  870
001POHNPEI 2008 52   869  876  880  881  866  863  855  847  848  854  852
001POHNPEI 2008 53   842  853  868  867  881  896  899  900  883
001POHNPEI 2008 61   875  888  882  871  870  867  872  860  860  854  854
001POHNPEI 2008 62   845  844  848  825  801  805  810  801  790  795  811
001POHNPEI 2008 63   815  810  818  829  828  828  830  816
001POHNPEI 2008 71   791  780  793  818  822  822  834  827  814  809  809
001POHNPEI 2008 72   813  810  797  810  810  819  824  827  838  850  860
001POHNPEI 2008 73   877  873  848  848  841  826  828  848  855
001POHNPEI 2008 81   853  872  878  868  850  827  837  834  809  806  809
001POHNPEI 2008 82   791  780  788  791  806  797  780  789  797  790  806
001POHNPEI 2008 83   808  792  788  786  789  789  782  792  804
001POHNPEI 2008 91   817  822  804  790  787  782  786  792  778  758  762
001POHNPEI 2008 92   788  787  782  794  817  812  805  803  787  792  798
001POHNPEI 2008 93   788  788  794  807  816  812  796  785
001POHNPEI 2008101   780  770  765  778  783  783  764  765  781  782  774
001POHNPEI 2008102   784  814  805  801  808  789  781  763  788  806  799
001POHNPEI 2008103   816  839  834  808  817  807  790  779  778
001POHNPEI 2008111   767  747  762  795  802  807  812  860  848  842  872
001POHNPEI 2008112   860  827  830  849  849  833  840  842  838  841  870
001POHNPEI 2008113   868  845  829  833  837  846  850  837
001POHNPEI 2008121   841  862  883  900  891  902  926  941  928  894  876
001POHNPEI 2008122   858  853  873  885  891  889  896  908  887  876  881
001POHNPEI 2008123   855  854  859  866  878  877  880  897  919
001POHNPEI 2009 11   898  872  896  910  907  900  899  889  882  895  903
001POHNPEI 2009 12   897  882  891  895  881  858  835  829  835  836  817
001POHNPEI 2009 13   815  839  843  852  834  857  878  876  867
001POHNPEI 2009 21   868  874  867  877  889  900  888  894  899  906  907
001POHNPEI 2009 22   899  877  870  882  889  874  873  859  834  833  860
001POHNPEI 2009 23   873  865  872  871  867  857
001POHNPEI 2009 31   845  864  864  870  890  869  857  864  869  881  884
001POHNPEI 2009 32   870  876  875  875  874  882  872  852  856  864  883
001POHNPEI 2009 33   887  879  877  875  884  887  874  853  844
001POHNPEI 2009 41   850  854  847  851  883  884  877  871  866  870  859
001POHNPEI 2009 42   860  874  874  882  885  881  878  892  904  916  922
001POHNPEI 2009 43   910  909  894  877  869  851  850  863
001POHNPEI 2009 51   863  866  872  868  851  844  840  814  791  804  803
001POHNPEI 2009 52   794  790  798  812  817  814  824  831  838  839  817
001POHNPEI 2009 53   804  797  788  789  809  825  829  828  823
001POHNPEI 2009 61   820  820  812  803  787  774  767  750  751  762  779
001POHNPEI 2009 62   783  784  805  815  815  819  820  821  829  822  815
001POHNPEI 2009 63   802  804  814  818  822  828  833  826
001POHNPEI 2009 71   822  824  818  805  792  786  799  809  813  826  813
001POHNPEI 2009 72   827  822  809  807  805  789  784  794  811  814  815
001POHNPEI 2009 73   831  853  847  844  852  840  806  794  785
001POHNPEI 2009 81   767  749  759  769  773  782  784  794  810  789  776
001POHNPEI 2009 82   779  765  760  755  763  773  772  790  796  797  789
001POHNPEI 2009 83   781  792  780  761  760  767  770  778  780
001POHNPEI 2009 91   784  801  791  776  775  785  792  778  754  749  753
001POHNPEI 2009 92   760  764  762  767  777  786  800  818  809  790  797
001POHNPEI 2009 93   800  791  778  806  817  797  795  778
001POHNPEI 2009101   751  760  785  766  745  735  729  742  725  695  714
001POHNPEI 2009102   727  730  720  733  754  733  735  741  717  710  719
001POHNPEI 2009103   730  718  717  724  711  688  694  718  716
